city_name,latitude,longitude,wind speeds,humidity,country,maximum_temparature,date,cloudiness
sao filipe,14.9,-24.5,7.59,81,CV,299.332,1570229151,0
kapaa,22.08,-159.32,7.2,74,US,301.15,1570229156,75
te anau,-45.41,167.72,0.63,59,NZ,278.242,1570229161,37
rikitea,-23.12,-134.97,9.7,79,PF,294.392,1570229166,86
belomorsk,64.52,34.76,6.96,96,RU,274.482,1570229295,100
cherskiy,68.75,161.3,4.97,89,RU,269.262,1570229301,100
zaysan,47.47,84.87,0.56,58,KZ,275.522,1570229204,0
ushuaia,-54.81,-68.31,15.4,87,AR,275.15,1570229217,75
vaini,15.34,74.49,0.85,97,IN,296.122,1570229174,27
karangampel,-6.46,108.44,2.32,49,ID,299.322,1570229322,0
airai,-8.93,125.41,1.33,37,TL,301.582,1570229156,8
katobu,-4.94,122.53,3.13,60,ID,301.442,1570229333,26
sosua,19.77,-70.52,2.6,94,DO,298.15,1570229235,75
petropavlovsk-kamchatskiy,53.05,158.65,4.0,55,RU,277.15,1570229343,96
losal,27.4,74.92,1.77,51,IN,298.012,1570229348,0
constitucion,23.99,-104.67,0.53,29,MX,297.15,1570229354,40
east london,-33.02,27.91,0.81,83,ZA,288.462,1570229230,71
hagere selam,6.48,38.52,1.75,98,ET,284.302,1570229364,98
ribeira grande,38.52,-28.7,5.17,77,PT,293.822,1570229227,100
fortuna,40.6,-124.16,5.7,59,US,290.93,1570229273,20
asosa,10.07,34.53,2.74,77,ET,291.842,1570229380,100
baruun-urt,46.68,113.28,2.54,45,MN,275.842,1570229385,0
naze,5.43,7.07,3.01,97,NG,295.962,1570229317,100
barrow,-38.31,-60.23,3.55,96,AR,278.402,1570229396,46
pevek,69.7,170.27,12.09,80,RU,272.752,1570229160,100
luderitz,-26.65,15.16,6.2,82,NA,287.15,1570229407,0
takab,36.4,47.11,1.2,75,IR,279.372,1570229412,0
aginskoye,51.11,114.54,2.07,65,RU,275.622,1570229417,0
tommot,58.97,126.27,0.54,92,RU,272.502,1570229423,100
biak,-0.91,122.88,2.24,80,ID,293.792,1570229428,69
hilo,19.71,-155.08,4.6,66,US,302.15,1570229236,75
sungaipenuh,-2.08,101.38,0.26,86,ID,295.212,1570229439,3
yellowknife,62.45,-114.38,6.2,93,CA,280.15,1570229342,90
bredasdorp,-34.53,20.04,1.5,76,ZA,284.15,1570229449,0
tecoanapa,16.99,-99.26,2.1,79,MX,302.15,1570229455,75
bethel,60.79,-161.76,7.7,81,US,279.15,1570229460,90
qaanaaq,77.48,-69.36,0.41,79,GL,268.092,1570229465,92
praia,-20.25,-43.81,3.6,36,BR,298.15,1570229471,0
ponta do sol,-20.63,-46.0,2.29,48,BR,295.112,1570229476,0
podyuga,61.09,40.86,4.49,91,RU,273.722,1570229481,100
puerto ayora,-0.74,-90.35,9.3,61,EC,298.15,1570229487,40
thinadhoo,0.53,72.93,3.93,76,MV,300.442,1570229297,100
chernyshevskiy,63.01,112.47,2.04,99,RU,274.772,1570229220,100
narsaq,60.91,-46.05,18.5,24,GL,287.15,1570229503,100
mount isa,-20.73,139.49,3.6,14,AU,299.15,1570229508,9
vila velha,-3.71,-38.6,4.6,74,BR,300.15,1570229513,40
chokurdakh,70.62,147.9,6.89,96,RU,271.432,1570229519,100
alexandria,43.97,25.33,2.59,96,RO,284.26,1570229524,100
port hardy,50.7,-127.42,4.6,87,CA,285.15,1570229529,75
hobart,-42.88,147.33,4.6,57,AU,284.82,1570229535,20
kang,-23.67,22.79,1.36,28,BW,291.172,1570229540,62
lagoa,37.14,-8.45,2.6,73,PT,294.15,1570229545,0
arraial do cabo,-22.97,-42.02,10.81,75,BR,296.092,1570229550,0
nikolskoye,59.7,30.79,6.0,80,RU,275.15,1570229556,90
grand gaube,-20.01,57.66,3.1,94,MU,296.15,1570229561,40
lebu,8.96,38.73,1.5,87,ET,288.15,1570229566,75
huilong,31.15,106.5,1.0,84,CN,292.752,1570229572,98
yeppoon,-23.13,150.74,1.5,60,AU,295.15,1570229577,0
thompson,55.74,-97.86,4.6,61,CA,283.15,1570229582,75
mareeba,-16.99,145.42,5.7,57,AU,298.15,1570229588,40
effium,6.63,8.06,3.13,96,NG,295.862,1570229593,100
mar del plata,-46.43,-67.52,5.14,33,AR,285.132,1570229599,22
kavieng,-2.57,150.8,2.56,68,PG,301.922,1570229604,47
talnakh,69.49,88.39,5.0,80,RU,273.15,1570229609,75
aykhal,65.95,111.51,4.0,79,RU,269.15,1570229614,90
hualmay,-11.1,-77.61,10.29,90,PE,289.572,1570229620,63
upernavik,72.79,-56.15,2.58,71,GL,276.792,1570229625,99
meiktila,20.88,95.86,2.97,89,MM,296.522,1570229630,16
hermanus,-34.42,19.24,0.45,95,ZA,287.04,1570229636,0
verkhnyaya inta,65.99,60.32,4.41,84,RU,273.652,1570229641,99
provideniya,64.42,-173.23,17.7,94,RU,270.502,1570229647,100
avarua,-21.21,-159.78,3.1,88,CK,296.15,1570229652,86
markivka,49.52,39.57,7.84,74,UA,291.482,1570229657,100
diego de almagro,-26.39,-70.05,0.49,96,CL,279.822,1570229662,0
mataura,-46.19,168.86,4.92,70,NZ,283.15,1570229668,44
tromso,69.65,18.96,4.6,86,NO,276.15,1570229674,75
buala,-8.15,159.59,2.52,70,SB,301.852,1570229679,69
canton,40.8,-81.38,3.6,76,US,287.15,1570229684,90
dicabisagan,17.08,122.42,1.41,90,PH,297.392,1570229689,63
broome,52.47,1.45,1.5,87,GB,285.93,1570229695,25
hurup,56.75,8.42,5.1,87,DK,281.15,1570229700,60
saint-augustin,45.63,-73.98,5.1,52,CA,282.15,1570229706,40
khatanga,71.98,102.47,7.09,83,RU,267.902,1570229711,100
evensk,61.92,159.24,2.4,42,RU,271.882,1570229716,60
hervey bay,-25.3,152.85,3.6,64,AU,298.15,1570229721,0
dongsheng,29.72,112.52,7.99,73,CN,293.462,1570229727,82
mengyin,35.71,117.93,5.74,51,CN,285.832,1570229732,100
gasa,27.91,89.73,2.05,88,BT,274.712,1570229738,99
kaeo,-35.1,173.78,3.61,99,NZ,290.93,1570229743,22
minsk,53.9,27.56,1.0,100,BY,278.15,1570229748,75
pochutla,15.74,-96.47,0.52,70,MX,305.15,1570229753,75
jiuquan,39.73,98.49,2.8,49,CN,279.422,1570229759,100
mahebourg,-20.41,57.7,3.1,94,MU,296.15,1570229764,40
padang,-0.92,100.36,5.03,85,ID,299.042,1570229769,82
albany,42.65,-73.75,6.2,47,US,286.15,1570229536,40
punta arenas,-53.16,-70.91,10.3,45,CL,279.15,1570229780,20
victoria,5.28,115.24,4.38,94,BN,298.15,1570229785,90
busselton,-33.64,115.35,8.92,98,AU,286.48,1570229791,50
zhigansk,66.77,123.37,2.66,64,RU,267.592,1570229796,0
omsukchan,62.53,155.8,1.45,79,RU,263.662,1570229801,41
sorland,67.67,12.69,4.71,65,NO,279.822,1570229807,84
sturgeon falls,46.36,-79.93,4.6,52,CA,281.48,1570229812,20
shingu,33.72,135.99,2.5,74,JP,292.192,1570229818,6
bumbuna,9.05,-11.73,1.02,98,SL,296.212,1570229823,100
cape town,-33.93,18.42,1.5,93,ZA,287.04,1570229404,0
changying,52.87,123.32,3.63,56,CN,275.912,1570229834,38
tasiilaq,65.61,-37.64,20.6,61,GL,281.15,1570229839,100
necochea,-38.55,-58.74,0.89,93,AR,283.71,1570229844,100
aubenas,44.62,4.39,2.1,71,FR,288.71,1570229850,40
bluff,-23.58,149.07,1.48,39,AU,297.472,1570229855,0
jamestown,-33.21,138.6,10.25,11,AU,306.082,1570229581,97
geraldton,49.72,-86.95,1.5,43,CA,284.15,1570229865,5
sept-iles,50.2,-66.38,3.6,48,CA,280.15,1570229828,40
port elizabeth,39.31,-74.98,6.2,48,US,291.15,1570229876,1
desaguadero,-16.56,-69.04,3.09,63,PE,280.832,1570229881,64
severo-kurilsk,50.68,156.12,5.15,81,RU,277.202,1570229887,100
salalah,17.01,54.1,4.1,78,OM,300.15,1570229892,75
ostrovnoy,68.05,39.51,9.27,80,RU,274.142,1570229897,100
cidreira,-30.17,-50.22,2.29,98,BR,292.542,1570229903,100
dikson,73.51,80.55,11.18,92,RU,269.482,1570229908,100
kiama,-34.67,150.86,2.1,100,AU,288.15,1570229913,90
dzaoudzi,-12.79,45.27,1.5,88,YT,298.15,1570229919,0
faanui,-16.48,-151.75,3.59,79,PF,299.542,1570229924,57
kaitangata,-46.28,169.85,3.58,64,NZ,282.59,1570229929,45
torbay,47.66,-52.73,2.6,69,CA,277.59,1570229935,40
hithadhoo,-0.6,73.08,4.1,68,MV,300.872,1570229940,99
turukhansk,65.8,87.96,3.94,97,RU,274.252,1570229945,100
bambous virieux,-20.34,57.76,3.1,94,MU,296.15,1570229951,40
machinga,-15.18,35.3,0.41,73,MW,295.522,1570229956,0
atuona,-9.8,-139.03,7.59,72,PF,300.142,1570229962,0
hasaki,35.73,140.83,4.1,61,JP,298.15,1570229967,20
nuuk,64.17,-51.74,4.6,52,GL,278.15,1570229972,68
dafeng,33.2,120.46,7.96,80,CN,289.532,1570229977,100
saint-philippe,45.36,-73.48,2.1,61,CA,282.15,1570229983,90
clyde river,70.47,-68.59,2.6,72,CA,273.15,1570229988,75
sisimiut,66.94,-53.67,9.44,76,GL,277.892,1570229994,22
hamilton,43.26,-79.87,2.6,70,CA,284.26,1570229867,20
tuktoyaktuk,69.44,-133.03,7.2,78,CA,275.15,1570230004,75
shebunino,57.66,40.04,2.0,80,RU,278.15,1570230009,0
taoudenni,22.68,-3.98,6.98,12,ML,303.562,1570230015,0
ancud,-41.87,-73.83,1.0,87,CL,281.15,1570230020,90
kuching,1.56,110.34,0.58,100,MY,296.15,1570230026,75
saint-pierre,48.95,4.24,5.7,100,FR,286.15,1570230031,90
iqaluit,63.75,-68.52,6.2,74,CA,275.15,1570230036,75
worland,44.02,-107.96,11.3,41,US,290.15,1570230042,90
guerrero negro,27.97,-114.04,6.63,74,MX,293.622,1570230047,0
new norfolk,-42.78,147.06,4.6,57,AU,285.37,1570230052,20
port alfred,-33.59,26.89,1.34,88,ZA,287.59,1570230058,10
ankazoabo,-22.29,44.51,0.51,47,MG,293.142,1570230063,0
portland,43.66,-70.25,4.6,49,US,282.15,1570229792,20
laguna,16.17,-88.94,2.1,66,BZ,305.15,1570230074,40
axim,4.87,-2.24,6.14,88,GH,298.062,1570230079,98
leh,34.16,77.58,0.45,62,IN,270.572,1570230084,0
kodiak,39.95,-94.76,2.1,71,US,287.15,1570230090,90
prieska,-29.67,22.74,0.86,47,ZA,282.082,1570230095,0
eureka,40.8,-124.16,5.7,59,US,290.93,1570229990,20
usinsk,66.0,57.56,4.59,88,RU,274.122,1570230106,100
poum,41.28,20.71,0.7,84,MK,282.082,1570230111,45
yaan,7.38,8.57,4.33,94,NG,296.142,1570230116,99
flinders,-34.58,150.85,2.1,100,AU,288.15,1570230122,90
sitka,37.17,-99.65,8.81,74,US,293.072,1570230127,99
bilma,18.69,12.92,3.86,9,NE,305.012,1570230132,40
kiruna,67.86,20.23,1.5,85,SE,269.15,1570230021,0
natal,-5.81,-35.21,4.6,74,BR,299.15,1570230143,40
lompoc,34.64,-120.46,6.7,35,US,298.71,1570229941,1
slave lake,55.28,-114.77,6.2,54,CA,285.15,1570230153,75
tiksi,71.64,128.87,11.95,89,RU,266.822,1570230142,100
anaconda,46.13,-112.94,2.1,86,US,279.26,1570230164,75
castro,-42.48,-73.76,1.0,87,CL,281.15,1570230169,90
san cristobal,14.68,-86.92,1.43,88,HN,295.032,1570230175,86
saskylakh,71.97,114.09,2.57,87,RU,262.742,1570230180,0
avera,33.19,-82.53,2.29,49,US,310.15,1570230185,1
dingle,11.0,122.67,0.43,82,PH,299.702,1570230191,45
volodarsk,56.22,43.18,3.0,93,RU,282.59,1570230196,90
caxito,-22.65,-42.51,2.36,84,BR,291.822,1570230201,0
belaya gora,68.54,146.19,8.28,64,RU,270.372,1570230207,100
pangnirtung,66.15,-65.72,4.1,69,CA,275.15,1570230212,40
menongue,-14.66,17.68,0.86,65,AO,290.202,1570230217,56
srednekolymsk,67.46,153.71,7.69,69,RU,269.612,1570230223,100
kutum,14.2,24.66,5.71,82,SD,294.032,1570230228,100
kurchum,48.57,83.65,1.56,51,KZ,281.722,1570230233,0
graaff-reinet,-32.25,24.53,3.28,78,ZA,286.672,1570230239,29
mocuba,-16.84,36.99,1.12,95,MZ,293.112,1570230244,1
male,50.74,33.7,2.84,92,UA,279.912,1570230250,93
cayenne,4.94,-52.33,1.0,83,GF,300.15,1570230255,0
mehamn,71.03,27.85,4.1,86,NO,276.15,1570230260,40
ilulissat,69.22,-51.1,2.1,42,GL,280.15,1570230034,23
sabang,13.8,121.11,0.63,96,PH,297.04,1570230271,0
port hedland,-20.31,118.58,3.1,44,AU,297.15,1570230276,0
port lincoln,-34.72,135.86,7.03,75,AU,290.052,1570230282,97
henties bay,-22.12,14.28,1.92,87,NA,287.312,1570230287,0
imeni karla libknekhta,51.62,35.48,3.13,92,RU,280.93,1570230292,100
basco,40.33,-91.2,2.6,63,US,291.15,1570230298,1
san carlos de bariloche,-41.13,-71.31,12.9,52,AR,280.15,1570230303,0
sao joao da barra,-21.64,-41.05,4.0,77,BR,295.312,1570230156,12
souillac,45.6,-0.6,1.5,87,FR,287.04,1570230313,75
orocue,4.79,-71.34,1.44,72,CO,299.792,1570230319,72
pirapozinho,-22.27,-51.5,3.42,27,BR,304.15,1570230324,0
faridpur,23.6,89.84,1.5,83,BD,300.15,1570230330,20
san patricio,-26.98,-56.83,3.09,95,PY,292.542,1570230335,97
glinka,54.64,32.87,1.74,92,RU,276.652,1570230340,21
la maddalena,39.15,9.02,0.5,68,IT,294.15,1570230346,40
kirakira,-10.46,161.92,0.85,69,SB,301.652,1570230351,100
leningradskiy,69.38,178.42,3.14,97,RU,275.832,1570230356,100
pisco,-13.71,-76.2,13.9,30,PE,295.15,1570230362,38
klaksvik,62.23,-6.59,8.2,87,FO,281.15,1570230367,61
watertown,44.9,-97.12,6.2,71,US,284.15,1570230355,90
carnarvon,-30.97,22.13,1.78,22,ZA,284.552,1570230378,0
sibolga,1.74,98.78,7.25,83,ID,300.122,1570230385,100
arman,59.7,150.17,0.76,74,RU,268.412,1570230390,19
kundiawa,-6.02,144.97,1.34,80,PG,289.632,1570230396,98
tura,64.27,100.22,3.68,92,RU,276.062,1570230401,100
palmer,-34.85,139.16,5.1,33,AU,299.82,1570230406,0
vestmannaeyjar,63.44,-20.27,25.0,80,IS,282.402,1570230412,100
sobolevo,54.43,31.9,1.62,93,RU,277.322,1570230417,26
half moon bay,37.46,-122.43,6.7,59,US,297.59,1570230422,1
yerofey pavlovich,53.97,121.97,1.41,63,RU,274.102,1570230428,77
los llanos de aridane,28.66,-17.92,6.7,73,ES,296.15,1570230433,90
manicore,-5.81,-61.3,0.04,84,BR,296.762,1570230438,51
alice springs,-23.7,133.88,5.1,14,AU,300.15,1570230441,0
mandeville,30.36,-90.07,5.44,51,US,306.15,1570230449,1
beringovskiy,63.05,179.32,11.29,51,RU,271.622,1570230454,0
hollister,36.85,-121.4,4.6,23,US,298.15,1570230460,0
chirkey,42.96,46.98,3.0,87,RU,289.82,1570230465,12
caravelas,-17.73,-39.27,5.12,83,BR,296.652,1570230470,47
saraland,30.82,-88.07,2.1,62,US,305.15,1570230475,1
lapinig,12.32,125.3,0.93,78,PH,300.782,1570230481,9
pore,5.73,-71.99,1.34,91,CO,294.502,1570230486,34
mayo,63.59,-135.9,1.17,69,CA,277.15,1570230491,40
saldanha,41.42,-6.55,1.31,81,PT,287.612,1570230497,8
malinyi,-8.94,36.14,1.43,74,TZ,296.742,1570230502,26
lyaskelya,61.77,31.02,4.28,94,RU,273.062,1570230508,100
moerai,-22.43,-151.33,4.07,75,PF,296.412,1570230513,94
katangli,51.71,143.23,1.06,47,RU,278.652,1570230518,0
raudeberg,61.99,5.14,2.1,50,NO,278.15,1570230524,0
lixourion,38.2,20.43,11.22,77,GR,291.48,1570230529,2
alta floresta,-9.87,-56.08,0.17,55,BR,301.022,1570230534,87
guanay,-15.5,-67.88,0.27,95,BO,292.712,1570230540,97
port-gentil,-0.72,8.78,2.6,94,GA,298.15,1570230545,40
butaritari,3.07,172.79,6.16,77,KI,300.192,1570230550,100
bealanana,-14.54,48.75,1.62,91,MG,289.852,1570230556,40
georgetown,6.8,-58.16,4.1,74,GY,302.15,1570230561,40
tiel,51.88,5.43,2.6,93,NL,283.71,1570230566,90
yenagoa,4.92,6.26,1.51,93,NG,297.002,1570230572,99
felipe carrillo puerto,19.58,-88.05,1.31,56,MX,303.412,1570230577,100
gisborne,-38.66,178.02,5.36,45,NZ,292.59,1570230582,3
taga,-8.61,120.44,0.38,44,ID,302.582,1570230588,0
kargasok,59.06,80.87,3.75,92,RU,277.582,1570230593,100
riyadh,24.63,46.72,2.6,33,SA,304.15,1570230426,0
chuy,-33.69,-53.46,4.86,97,UY,287.862,1570230604,100
sorong,-0.86,131.25,1.7,85,ID,299.892,1570230609,46
askarovo,53.34,58.51,2.0,56,RU,280.15,1570230615,92
santiago do cacem,38.02,-8.69,3.6,72,PT,291.15,1570230620,0
houma,35.63,111.36,5.95,71,CN,286.702,1570230490,100
victor harbor,-35.55,138.62,5.1,33,AU,299.82,1570230631,0
vostok,46.45,135.83,1.64,81,RU,277.672,1570230636,64
oranjemund,-28.55,16.43,7.3,87,ZA,287.002,1570230641,0
kaitong,44.81,123.15,2.71,30,CN,280.962,1570230647,14
qena,26.16,32.72,0.34,33,EG,303.15,1570230652,0
nuevo casas grandes,30.42,-107.91,2.58,59,MX,296.532,1570230657,40
ullal,12.8,74.85,2.8,94,IN,298.15,1570230663,75
acari,-6.44,-36.64,10.53,60,BR,297.422,1570230668,30
bowen,-20.01,148.25,5.7,60,AU,295.15,1570230674,3
kalikino,52.95,39.83,7.0,100,RU,282.15,1570230680,75
hermiston,45.84,-119.29,8.7,36,US,293.15,1570230685,75
cap malheureux,-19.98,57.61,3.1,94,MU,296.15,1570230690,40
antofagasta,-23.65,-70.4,5.7,76,CL,287.15,1570230696,90
batagay,67.65,134.64,1.82,54,RU,267.072,1570230701,39
gimli,50.63,-96.99,4.47,71,CA,282.04,1570230513,83
santiago del estero,-27.8,-64.26,4.15,71,AR,288.382,1570230712,63
durango,24.02,-104.67,5.1,29,MX,297.15,1570230717,40
balabac,7.99,117.06,4.87,89,PH,298.382,1570230722,100
codrington,-28.95,153.24,7.7,64,AU,295.15,1570230727,75
dubbo,-32.25,148.6,5.7,63,AU,292.15,1570230733,90
ranong,9.96,98.62,0.22,72,TH,300.482,1570230738,91
revelstoke,50.99,-118.19,1.0,71,CA,284.15,1570230743,75
benton harbor,42.12,-86.45,2.6,71,US,286.48,1570230564,90
kijang,35.24,129.21,1.5,78,KR,295.15,1570230754,75
kongsvinger,60.19,12.01,1.0,87,NO,273.71,1570230759,0
seoul,37.57,126.98,1.0,88,KR,293.15,1570230348,90
cabo san lucas,22.89,-109.91,3.6,58,MX,303.71,1570230620,5
marfino,56.07,37.56,2.0,86,RU,280.93,1570230775,40
acaponeta,22.49,-105.36,2.66,73,MX,302.262,1570230780,75
abu samrah,35.3,37.18,3.26,68,SY,290.382,1570230786,0
soe,57.91,26.05,3.1,96,EE,273.15,1570230791,14
garden city,43.62,-116.24,3.1,47,US,287.59,1570230796,75
novaya zaimka,56.49,66.92,3.76,93,RU,283.472,1570230802,90
abashiri,44.01,144.25,5.1,93,JP,285.15,1570230807,75
maniitsoq,65.42,-52.9,4.15,62,GL,278.692,1570230812,73
iracoubo,5.48,-53.21,2.68,87,GF,298.782,1570230818,0
pemba,-12.97,40.52,4.6,90,MZ,297.442,1570230823,9
tessalit,20.2,1.01,5.05,11,ML,302.232,1570230828,0
bathsheba,13.22,-59.52,1.5,83,BB,300.15,1570230703,20
dvurechensk,56.6,61.1,2.0,70,RU,281.15,1570230839,0
canutama,-6.53,-64.38,1.04,92,BR,296.322,1570230845,76
cacule,-14.5,-42.22,6.38,76,BR,293.852,1570230850,38
svetlaya,46.54,138.33,1.58,92,RU,276.872,1570230855,100
beira,43.2,-8.36,2.1,93,ES,286.48,1570230861,0
kaniama,-7.57,24.18,1.13,94,CD,292.962,1570230866,10
olean,42.08,-78.43,1.48,86,US,281.15,1570230670,90
lavrentiya,65.58,-170.99,7.59,78,RU,271.082,1570230876,85
kurilsk,45.23,147.88,7.12,98,RU,288.572,1570230882,100
magadan,59.56,150.8,2.97,69,RU,272.882,1570230887,6
mount gambier,-37.83,140.78,4.1,87,AU,283.15,1570230892,90
coihaique,-45.58,-72.07,3.1,46,CL,283.15,1570230734,75
achit,56.8,57.9,5.22,74,RU,283.592,1570230903,100
qaqortoq,60.72,-46.03,18.0,26,GL,286.15,1570230908,100
mbour,14.41,-16.97,2.6,88,SN,301.15,1570230914,98
dalbandin,28.9,64.41,2.21,19,PK,292.412,1570230919,18
aksu,52.04,76.93,2.0,80,KZ,275.15,1570230924,0
columbus,32.46,-84.99,2.6,30,US,309.15,1570230651,1
merauke,-8.49,140.4,8.03,78,ID,299.042,1570230935,90
channel-port aux basques,47.57,-59.14,7.65,66,CA,280.032,1570230940,100
innisfail,-17.52,146.03,4.02,75,AU,291.48,1570230945,96
tari,12.41,4.49,6.13,70,NG,299.152,1570230951,80
mackay,53.65,-115.58,2.6,57,CA,284.15,1570230956,75
rocha,-34.48,-54.34,1.86,98,UY,286.012,1570230961,100
kondoa,-4.91,35.78,2.38,77,TZ,290.902,1570230967,48
saint-denis,48.94,2.36,4.6,82,FR,287.59,1570230972,90
jackson,43.48,-110.76,3.6,85,US,277.15,1570230934,90
nemuro,43.32,145.57,11.03,92,JP,288.742,1570230983,100
ito,34.93,139.09,3.1,74,JP,299.82,1570230988,20
namibe,-15.19,12.15,5.68,83,AO,294.102,1570230993,97
vanavara,60.35,102.28,4.39,95,RU,277.292,1570230999,100
phangnga,8.45,98.53,0.77,88,TH,297.15,1570231004,40
batagay-alyta,67.8,130.41,1.93,60,RU,258.662,1570231009,8
honiara,-9.43,159.96,3.1,70,SB,303.15,1570231015,20
lichuan,30.3,108.94,0.98,95,CN,291.882,1570231020,100
bartica,6.41,-58.62,3.1,88,GY,300.15,1570231025,40
haukipudas,65.17,25.5,5.1,74,FI,274.15,1570231031,0
lingao,19.91,109.69,5.47,83,CN,299.602,1570231036,0
korgen,66.08,13.83,2.1,54,NO,272.15,1570231041,11
serra,-20.13,-40.31,0.89,94,BR,298.71,1570231047,90
birin,26.89,88.07,2.1,94,NP,297.15,1570231052,75
port macquarie,-31.43,152.91,3.1,77,AU,292.04,1570231057,90
sarahan,31.51,77.79,2.0,66,IN,281.722,1570231063,0
nanortalik,60.14,-45.24,4.85,53,GL,281.272,1570231068,100
gamba,28.28,88.52,0.78,80,CN,272.792,1570231073,0
kiunga,-6.12,141.3,1.83,84,PG,298.382,1570231079,99
dzhebariki-khaya,62.22,135.8,1.79,60,RU,267.712,1570231084,42
gwadar,25.12,62.33,2.73,76,PK,300.582,1570231089,100
taltal,-25.41,-70.49,1.2,83,CL,283.442,1570231095,0
bilibino,68.06,166.44,2.33,94,RU,261.162,1570231100,52
teahupoo,-17.83,-149.27,5.1,78,PF,300.15,1570231105,75
jacareacanga,-6.22,-57.76,0.76,93,BR,296.022,1570231111,100
odienne,9.51,-7.57,0.86,92,CI,295.622,1570231116,95
jumla,29.28,82.18,2.03,84,NP,279.032,1570231121,33
venkatagiri,13.96,79.58,1.19,80,IN,298.702,1570231127,83
sandy bay,-42.9,147.33,4.1,53,AU,285.37,1570231132,20
talcher,20.95,85.21,0.74,87,IN,296.922,1570231137,0
kissidougou,9.19,-10.1,1.12,96,GN,293.962,1570231142,99
oranjestad,12.52,-70.03,7.7,79,AW,302.15,1570230954,20
langsa,4.47,97.97,0.72,91,ID,294.382,1570231153,100
kahului,20.89,-156.47,13.4,55,US,304.15,1570231158,40
xanlar,40.56,46.33,1.0,82,AZ,289.15,1570231164,75
kansanshi,-12.1,26.43,2.76,85,ZM,289.372,1570231169,0
kruisfontein,-34.0,24.73,1.98,86,ZA,284.632,1570231174,9
katsuura,33.93,134.5,4.1,77,JP,294.15,1570231180,40
vao,59.1,26.19,4.2,82,EE,275.822,1570231185,93
san quintin,17.54,120.52,1.51,79,PH,298.032,1570231190,0
luanda,-8.83,13.24,3.1,83,AO,297.15,1570231196,75
comodoro rivadavia,-45.87,-67.48,2.1,47,AR,288.15,1570231201,0
store heddinge,55.31,12.39,4.6,87,DK,280.37,1570231206,76
kieta,-6.22,155.63,1.86,68,PG,301.912,1570231212,99
formello,42.08,12.4,2.6,76,IT,289.82,1570231217,40
barcelos,-0.97,-62.93,0.87,91,BR,296.742,1570231223,100
tabas,33.6,56.92,1.0,14,IR,298.15,1570231228,0
port-cartier,50.03,-66.88,3.6,48,CA,280.15,1570231233,40
eyl,7.98,49.82,2.82,92,SO,295.882,1570231239,2
koshurnikovo,54.3,93.39,1.99,82,RU,273.342,1570231244,100
saint george,39.45,22.34,1.78,82,GR,288.15,1570231249,40
gairo,-6.14,36.87,3.59,81,TZ,291.212,1570231254,45
green river,41.53,-109.47,12.3,31,US,282.15,1570231260,75
todos santos,23.45,-110.23,3.6,58,MX,303.71,1570231265,5
purna,19.18,77.03,1.01,89,IN,295.942,1570231270,84
masterton,-40.95,175.66,0.45,83,NZ,287.04,1570231014,81
baripada,21.93,86.73,1.37,86,IN,296.102,1570231281,15
voi,-3.4,38.57,2.61,83,KE,293.212,1570231286,18
sola,-3.17,33.8,4.81,56,TZ,294.502,1570231292,0
batken,40.06,70.82,3.43,52,KG,284.832,1570231297,100
mezinovskiy,55.48,40.41,2.51,91,RU,280.072,1570231302,100
nago,45.88,10.89,1.0,82,IT,288.15,1570231308,40
sydney,-33.85,151.22,6.2,93,AU,289.26,1570231202,75
berdigestyakh,62.1,126.7,1.66,91,RU,268.872,1570231249,83
mlimba,-8.78,35.81,1.98,88,TZ,292.722,1570231323,68
urucara,-2.54,-57.76,0.74,57,BR,300.892,1570231329,63
berlevag,70.86,29.09,4.1,86,NO,276.15,1570231334,40
iquique,-20.22,-70.14,5.7,67,CL,289.15,1570231340,90
ahipara,-35.17,173.16,7.73,95,NZ,290.93,1570231345,6
baiyin,36.55,104.13,1.0,100,CN,281.15,1570231350,75
krasnogorsk,55.82,37.34,2.0,86,RU,280.93,1570231355,40
nakusp,50.24,-117.8,1.19,79,CA,278.682,1570231361,50
norman wells,65.28,-126.83,4.1,53,CA,283.15,1570231366,20
angoche,-16.23,39.91,1.64,90,MZ,295.722,1570231371,4
mana,13.03,5.27,3.21,69,NG,299.652,1570231377,66
araouane,18.9,-3.53,2.79,9,ML,306.642,1570231263,0
meulaboh,4.14,96.13,4.9,81,ID,299.422,1570231387,100
trofors,65.54,13.39,3.1,63,NO,273.15,1570231393,0
chapais,49.78,-74.86,1.0,93,CA,276.15,1570231398,90
guozhen,29.3,113.14,8.89,66,CN,294.192,1570231404,98
nouadhibou,20.93,-17.03,9.3,83,MR,294.15,1570231409,0
hami,42.84,93.51,2.03,35,CN,284.712,1570231414,97
dnipryany,46.75,33.27,3.68,90,UA,284.122,1570231420,100
cantagallo,7.38,-73.91,2.1,58,CO,304.15,1570231425,75
teya,21.05,-89.07,3.6,62,MX,304.26,1570231430,75
tuatapere,-46.13,167.69,4.47,67,NZ,282.59,1570231436,70
dubti,11.74,41.09,3.23,57,ET,302.782,1570231441,1
pitimbu,-7.47,-34.81,3.6,83,BR,297.15,1570231447,40
sao felix do xingu,-6.64,-51.99,0.22,91,BR,295.562,1570231452,84
gejiu,23.36,103.16,1.01,94,CN,288.842,1570231457,56
damavand,35.72,52.07,4.1,52,IR,291.15,1570231463,0
barsovo,61.17,73.17,3.0,86,RU,277.15,1570231468,0
mercedes,-33.25,-58.03,3.58,97,UY,287.59,1570231473,100
macia,-25.03,33.09,3.24,69,MZ,295.822,1570231478,0
maceio,-9.67,-35.74,4.6,73,BR,298.15,1570231322,75
soyo,-6.13,12.37,7.4,86,AO,297.602,1570231489,94
tayu,35.06,136.67,9.3,64,JP,297.15,1570231494,40
adrar,27.87,-0.29,4.6,17,DZ,297.15,1570231500,0
fort nelson,58.81,-122.69,3.6,93,CA,280.15,1570231505,90
maraa,-1.83,-65.37,1.12,97,BR,296.562,1570231510,99
hofn,64.25,-15.21,9.56,99,IS,273.792,1570231516,100
newark,40.74,-74.17,5.7,47,US,288.15,1570231427,20
nortelandia,-14.45,-56.8,1.83,56,BR,300.062,1570231526,49
kununurra,-15.77,128.74,0.5,61,AU,300.15,1570231532,50
buraydah,26.33,43.97,3.1,32,SA,302.15,1570231537,0
brezovo,42.93,26.01,3.1,100,BG,287.15,1570231542,90
frontera,18.53,-92.64,3.92,100,MX,299.15,1570231548,90
komsomolskoye,45.02,34.02,3.46,91,UA,289.382,1570231553,100
muskegon,43.23,-86.25,2.6,71,US,284.26,1570231558,90
west wendover,40.74,-114.07,7.2,22,US,287.15,1570231564,20
avallon,47.49,3.91,4.85,87,FR,286.48,1570231569,98
coolum beach,-26.53,153.09,1.79,63,AU,298.15,1570231574,4
longyearbyen,78.22,15.63,1.34,91,NO,273.15,1570231580,75
porgera,-5.46,143.15,0.97,79,PG,288.422,1570231585,100
newry,54.18,-6.34,4.6,87,GB,286.48,1570231590,75
batsfjord,70.63,29.72,6.7,80,NO,274.15,1570231596,40
chimoio,-19.11,33.48,0.67,100,MZ,291.15,1570231601,0
asyut,27.18,31.19,4.1,42,EG,300.15,1570231606,0
ucluelet,48.94,-125.55,3.1,76,CA,287.04,1570231362,90
isla aguada,18.78,-91.49,5.17,78,MX,301.15,1570231617,90
the valley,18.22,-63.06,5.7,83,AI,302.15,1570231622,20
omboue,-1.57,9.26,6.06,86,GA,298.432,1570231628,100
middletown,39.52,-84.4,2.6,59,US,292.15,1570231434,1
topeka,39.05,-95.68,4.1,87,US,287.15,1570231638,75
conceicao da barra,-18.59,-39.73,2.5,89,BR,295.242,1570231644,54
bujumbura,-3.36,29.37,1.14,66,BI,284.052,1570231649,0
namatanai,-3.66,152.44,2.42,70,PG,301.302,1570231655,100
glazov,58.14,52.65,4.9,90,RU,284.292,1570231660,86
nome,30.04,-94.42,3.1,55,US,305.93,1570231665,40
edd,13.93,41.69,1.71,59,ER,304.482,1570231671,2
vestmanna,62.16,-7.17,8.2,87,FO,281.15,1570231676,18
ndola,-12.97,28.64,2.7,76,ZM,290.942,1570231681,8
ola,59.58,151.3,0.25,68,RU,273.152,1570231687,40
watsa,3.04,29.53,0.94,98,CD,291.022,1570231692,100
siderno,38.28,16.3,2.1,73,IT,295.37,1570231697,40
tosya,41.02,34.04,0.69,35,TR,287.212,1570231703,0
esperance,-33.86,121.89,8.7,100,AU,287.15,1570231708,90
batemans bay,-35.71,150.18,0.45,70,AU,290.37,1570231714,87
lazaro cardenas,28.39,-105.62,4.6,51,MX,300.15,1570231719,20
praia da vitoria,38.73,-27.07,5.04,94,PT,294.15,1570231724,40
muisne,0.61,-80.02,4.6,78,EC,300.15,1570231730,75
fairbanks,64.84,-147.72,2.15,93,US,277.15,1570231532,90
fredericksburg,38.3,-77.46,3.1,46,US,296.15,1570231561,1
saiha,22.49,92.98,0.8,98,IN,294.752,1570231503,14
karratha,-20.74,116.85,3.19,23,AU,298.402,1570231751,0
tahoua,14.89,5.26,3.22,32,NE,304.552,1570231756,0
kavaratti,10.57,72.64,2.86,73,IN,300.602,1570231762,61
grindavik,63.84,-22.43,19.5,81,IS,283.15,1570231767,90
witu,-2.39,40.44,3.06,94,KE,297.15,1570231772,75
pleshanovo,57.46,28.17,2.0,93,RU,276.15,1570231778,92
cabinda,-5.56,12.19,6.65,87,AO,297.752,1570231783,97
fohnsdorf,47.21,14.68,1.0,81,AT,282.15,1570231788,75
narrabri,-30.33,149.78,7.7,33,AU,297.04,1570231794,80
hobyo,5.35,48.53,4.43,91,SO,298.182,1570231799,0
zeya,53.74,127.27,1.23,52,RU,274.932,1570231804,20
samarai,-10.62,150.67,3.87,95,PG,296.352,1570231810,100
sechura,-5.56,-80.82,7.54,88,PE,290.862,1570231815,12
romny,50.74,33.49,2.8,91,UA,279.772,1570231821,81
samoylovka,51.19,43.71,3.58,91,RU,289.26,1570231826,74
san juan,-31.54,-68.53,2.15,46,AR,279.272,1570231831,0
trincomalee,8.58,81.23,0.61,92,LK,296.402,1570231836,35
buchanan,5.88,-10.05,5.4,94,LR,297.15,1570231842,75
tezu,27.93,96.16,1.04,77,IN,294.002,1570231847,12
kamensk-uralskiy,56.42,61.93,3.79,76,RU,282.412,1570231853,93
kualakapuas,-3.01,114.39,1.77,76,ID,299.112,1570231858,87
muzhi,65.4,64.7,2.91,74,RU,273.642,1570231863,28
kaduna,10.52,7.44,1.1,95,NG,294.432,1570231869,88
elban,50.1,136.51,2.26,56,RU,278.882,1570231874,0
bubaque,11.28,-15.83,1.92,76,GW,300.382,1570231879,85
lovozero,68.01,35.02,6.74,93,RU,271.552,1570231885,100
sharya,58.37,45.52,1.99,89,RU,280.272,1570231890,100
emerald,-23.53,148.16,2.1,49,AU,297.59,1570231895,0
la ronge,55.1,-105.3,6.7,62,CA,285.15,1570231901,75
gander,48.95,-54.61,1.0,60,CA,278.15,1570231906,75
husavik,50.56,-96.99,2.24,71,CA,282.59,1570231911,53
winneba,5.35,-0.62,5.7,88,GH,299.15,1570231917,90
uvira,-3.41,29.14,1.14,66,CD,284.052,1570231922,0
caranavi,-15.83,-67.57,1.07,95,BO,285.442,1570231927,99
inhambane,-23.87,35.38,1.75,86,MZ,291.952,1570231933,0
akureyri,65.68,-18.09,12.3,69,IS,277.15,1570231938,40
college,64.86,-147.8,2.15,93,US,278.15,1570231944,90
pasni,25.26,63.48,1.58,72,PK,300.132,1570231949,95
yar-sale,66.83,70.83,5.36,80,RU,273.382,1570231822,17
santa rosa,-36.62,-64.29,1.65,62,AR,280.472,1570231960,37
quesnel,52.98,-122.49,1.5,81,CA,283.15,1570231712,90
aklavik,68.22,-135.01,2.1,72,CA,279.15,1570231970,40
kosmynino,57.55,40.74,2.0,80,RU,278.15,1570231976,0
peabiru,-23.91,-52.35,2.1,35,BR,303.15,1570231981,0
neuquen,-38.95,-68.06,3.6,41,AR,289.15,1570231986,0
toucheng,24.86,121.82,3.6,78,TW,300.15,1570231992,20
vila franca do campo,37.72,-25.43,5.7,94,PT,296.48,1570231997,75
bogdanesti,47.37,26.28,1.0,81,RO,280.37,1570232002,99
pacific grove,36.62,-121.92,4.1,42,US,298.15,1570231958,1
isangel,-19.55,169.27,6.2,54,VU,300.15,1570232013,75
ayan,38.23,44.7,0.87,71,IR,280.812,1570232018,0
xiongzhou,32.34,118.83,4.0,78,CN,295.15,1570232023,75
rawson,-43.3,-65.11,2.18,39,AR,283.732,1570232029,0
santa cruz de la palma,28.68,-17.76,7.2,78,ES,296.15,1570232034,90
kikwit,-5.04,18.82,0.62,90,CD,294.582,1570232039,100
egvekinot,66.32,-179.17,2.76,92,RU,268.192,1570232045,97
lillooet,50.69,-121.94,8.2,51,CA,288.15,1570231912,40
mastic beach,40.77,-72.85,4.1,47,US,287.15,1570232055,1
goderich,43.74,-81.71,6.7,83,CA,283.15,1570232061,18
denpasar,-8.65,115.22,3.1,94,ID,296.15,1570231975,40
san carlos,11.12,-84.78,0.45,1,NI,297.04,1570231901,69
suwalki,54.11,22.93,1.93,94,PL,278.242,1570232077,35
carauari,-4.88,-66.9,1.1,96,BR,295.902,1570232082,83
itoman,26.12,127.67,4.1,74,JP,299.15,1570232087,20
mahibadhoo,3.78,72.97,0.81,71,MV,300.222,1570232093,64
haapiti,-17.57,-149.87,5.1,78,PF,300.15,1570232098,75
ramgarh,27.26,75.18,0.64,62,IN,295.962,1570232103,0
lorengau,-2.02,147.27,1.9,81,PG,299.992,1570231820,100
seminole,32.72,-102.64,3.6,37,US,301.15,1570231893,1
sompeta,18.93,84.6,1.2,83,IN,296.802,1570232119,26
zhangye,38.94,100.46,0.78,62,CN,281.522,1570232124,100
saint anthony,43.97,-111.68,6.7,61,US,281.15,1570232054,90
miraflores,-16.39,-71.52,3.1,66,PE,286.15,1570232135,40
tres arroyos,-38.38,-60.28,3.55,96,AR,278.402,1570232140,46
svetlogorsk,53.14,59.15,2.0,60,RU,277.15,1570232146,78
constantine,36.36,6.61,1.0,82,DZ,286.15,1570232151,0
belmonte,40.36,-7.35,1.07,93,PT,287.04,1570232156,3
tambacounda,13.77,-13.67,2.1,83,SN,302.15,1570232162,0
chifeng,42.27,118.96,4.65,40,CN,277.922,1570232167,0
harper,30.3,-99.24,2.1,35,US,306.15,1570232035,1
hjallerup,57.16,10.15,1.79,86,DK,279.82,1570232178,92
sao miguel,4.52,-61.01,1.16,94,BR,292.202,1570232183,66
maldonado,-34.91,-54.96,5.1,100,UY,286.15,1570231946,90
igarka,67.47,86.57,4.93,96,RU,272.742,1570232194,39
bahia de caraquez,-0.6,-80.42,5.1,83,EC,296.15,1570232199,75
coxim,-18.5,-54.75,2.96,61,BR,301.112,1570232204,95
tshikapa,-6.42,20.79,0.84,94,CD,293.832,1570232210,100
oyama,36.31,139.8,2.1,57,JP,302.59,1570232215,20
williams lake,52.13,-122.14,1.5,46,CA,283.15,1570232220,75
itarema,-2.92,-39.92,5.6,78,BR,298.262,1570232226,15
vygonichi,53.1,34.07,1.38,88,RU,278.592,1570232231,99
pena blanca,14.77,-91.15,4.1,65,GT,301.15,1570232236,75
aquiraz,-3.9,-38.39,4.6,74,BR,300.15,1570232241,75
laje,-13.18,-39.42,1.99,97,BR,292.842,1570232247,39
komsomolskiy,67.55,63.78,1.71,96,RU,272.922,1570232252,71
lufilufi,-13.87,-171.6,3.58,66,WS,303.15,1570232257,38
kibaya,-2.2,30.56,3.6,77,RW,291.15,1570232263,40
